name,r1,r2,...,r6,# of people,# of singles,# of doubles,#2 room doubles,balcony,patio,common room, # of enclosedbathrooms, enclosed suite,subfree
Smiley First Floor,101,102,103,104,105,107,6,6,0,0,0,0,0,0,0,0,0
Smiley Second Floor,201,202,203,204,205,207,6,6,0,0,0,0,0,0,0,0,0
Blaisment North,1,2,3,4,5,0,6,4,1,0,0,0,0,0,0,0
Blaisment South,6,8,9,10,11,0,6,4,1,0,0,0,0,0,0,0
Blaisment Back,24,26,0,0,0,0,4,0,2,0,0,0,0,0,0,0
Muddment Back,51,53,0,0,0,0,4,0,2,0,0,0,0,0,0,0
Muddment East,63,65,0,0,0,0,4,0,2,0,0,0,0,0,0,0
Muddment West,63,66,0,0,0,0,4,0,2,0,0,0,0,0,0,0
Blaisdell Corner East,118A,118,119,0,0,0,4,2,1,0,0,0,0,0,0,0
Blaisdell Corner West,116,116A,113,115,0,0,4,4,0,0,0,0,0,0,0
Blaisdell Tower,341,342,343,0,0,0,3,3,0,0,0,0,0,1,1,1
Mudd Tower,310,311,312,313,314,0,5,5,0,0,0,0,0,1,1,1
Harwood Patios w/ Common Room,1,2,3,5,7,6,0,4,1,0,0,1,1,1,1,0
Harwood Patios West,11,13,15,17,0,0,5,3,1,0,0,1,0,0,0,0
Harwood Patios Southeast Corner,83,85,87,0,0,0,4,2,1,0,0,1,0,0,0,0
Harwood Patios East,73,75,77,79,81,0,6,4,1,0,0,1,0,0,0,0
Harwood Patios Interior Back,80,82,84,86,0,0,4,4,0,0,0,1,0,0,0,0
Harwood Front,144,142,147,145,0,0,4,4,0,0,0,0,0,2,0,1
Harwood Northwest 2,223,225,227,0,0,0,3,3,0,0,0,0,1,1,1,0
Harwood Northeast 2,253,255,257,259,0,0,4,4,0,0,0,0,1,1,1,0
Harwood Southeast 2,286,284,282,280,0,0,4,4,0,0,0,0,0,0,0,0
Harwood Towers Northwest,319,321,323,325,0,0,5,3,1,0,0,0,0,1,1,0
Harwood Towers Northeast,342,344,345,347,0,0,5,3,1,0,0,0,0,1,1,0
Harwood Towers Southeast,378,379,0,0,0,0,4,0,2,0,0,0,0,1,1,0d
Harwood Towers Southwest,301,302,0,0,0,0,4,0,2,0,0,0,0,1,1,0
Wig Outside Back,102,100A,100B,0,0,0,5,3,1,0,0,0,0,0,0,0
Wig Inside Back,101,103,0,0,0,0,0,2,0,0,0,0,0,0,0
Clark I North,113,113A,114,114A,0,0,4,4,0,0,0,0,0,2,1,0
Clark I Northeast,118,118A,119,119A,0,0,4,4,0,0,0,0,0,2,1,0
Clark I Middle East,124,124A,125,125A,0,0,4,4,0,0,0,0,0,2,1,0
Clark I South East,129,129A,130,130A,0,0,4,4,0,0,0,0,0,2,1,0
Clark I Northeast Second Floor,201,201A,202,202A,0,0,4,4,0,0,0,0,0,2,1,0
Clark I Middle East Second Floor,210,210A,211,211A,0,0,4,4,0,0,0,0,0,2,1,0
Clark I South East Second Floor,219,219A,220,220A,0,0,4,4,0,0,0,0,0,2,1,0
Clark I Middle North,203A,203B,203C,0,0,0,5,1,2,0,0,0,1,1,1,0
Clark I Middle South,214A,214B,214C,0,0,0,5,1,2,0,0,0,1,1,1,0
Clark V South West,431,432,0,0,0,0,3,1,2,0,0,0,0,1,1,0
Clark V North West,421,422,423,424,0,0,4,0,0,0,0,0,1,1,0
Clark V Middle North West,413,414,415,416,0,0,4,0,0,0,0,0,1,1,0
Clark V Middle North East,409,410,411,412,0,0,4,0,0,0,0,0,1,1,0
Clark V North East,401,402,403,404,0,0,4,0,0,0,0,0,1,1,0
Clark V North West 2,471,472,473,474,0,0,4,0,0,0,0,0,1,1,0
Clark V Middle North West 2,463,464,465,466,0,0,4,0,0,0,0,0,1,1,0
Clark V Middle North East 2,459,460,461,464,0,0,4,0,0,0,0,0,1,1,0
Clark V North East 2,451,452,453,454,0,0,4,0,0,0,0,0,1,1,
Clark V Balconies West,S21A,S21B,S22A,S22B,0,0,4,4,0,0,1,0,0,2,1,0
Clark V Balconies East,S23A,S23B,S24A,S24B,0,0,4,4,0,0,1,0,0,2,1,0
Clark V Balconies Middle,S25A,S25B,S26A,S26B,0,0,4,4,0,0,1,0,0,2,1,0
Lowry A1 South,A12,A14,A16,A18,0,0,4,4,0,0,0,1,1,1,1,0
Lowry A1 North,A11,A13,A15,A17,0,0,4,4,0,0,0,1,1,1,1,0
Lowry B1 South,B12,B14,B16,B18,0,0,4,4,0,0,0,1,1,1,1,0
Lowry B1 North,B11,B13,B15,0,0,0,3,3,0,0,0,1,1,1,1,0
Lowry C1 South,C12,C14,C16,C18,0,0,4,4,0,0,0,1,1,1,1,0
Lowry C1 North,C11,C13,C15,C17,0,0,4,4,0,0,0,1,1,1,1,0
Lowry A2 South,A22,A24,A26,A28,0,0,4,4,0,0,0,1,1,1,1,0
Lowry A2 North,A21,A23,A25,A27,0,0,4,4,0,0,0,1,1,1,1,0
Lowry B2 South,B22,B24,B26,B28,0,0,4,4,0,0,0,1,1,1,1,0
Lowry B2 North,B21,B23,B25,B27,0,0,4,4,0,0,0,1,1,1,1,0
Lowry C2 South,C22,C24,C26,C28,0,0,4,4,0,0,0,1,1,1,1,0
Lowry C2 North,C21,C23,C25,C27,0,0,4,4,0,0,0,1,1,1,1,0
Lowry A3 South,A32,A34,A38,0,0,0,3,3,0,0,0,1,1,1,1,0
Lowry A3 North,A31,A33,A35,A37,0,0,4,4,0,0,0,1,1,1,1,0
Lowry B3 South,B32,B34,B36,B38,0,0,4,4,0,0,0,1,1,1,1,0
Lowry B3 North,B31,B33,B35,B37,0,0,4,4,0,0,0,1,1,1,1,0
Lowry C3 South,C34,A36,A38,0,0,0,3,3,0,0,0,1,1,1,1,0
Lowry C3 North,C31,C33,C35,C37,0,0,4,4,0,0,0,1,1,1,1,0
Walker College Ave,650,651,652,0,0,0,3,3,0,0,0,0,0,1,1,0
Walker West Courtyard West,646,647,653,0,0,0,3,3,0,0,0,0,0,1,1,0
Walker West Courtyard East,642,643,654,0,0,0,3,3,0,0,0,0,0,1,1,0
Walker Middle Courtyard West,638,639,655,0,0,0,3,3,0,0,0,0,0,1,1,0
Walker Middle Courtyard East,634,635,656,0,0,0,3,3,0,0,0,0,0,1,1,0
Walker East Courtyard,630,631,657,0,0,0,3,3,0,0,0,0,0,1,1,0
Walker South Corner 1,601,602,0,0,0,0,4,0,2,0,0,0,0,1,1,0
Walker South Hallway,603,604,644,645,0,0,4,4,0,0,0,0,0,1,0,0
Walker Southeast Corner 2,701,702,703,0,0,0,3,3,0,0,0,0,0,0,0,0
Walker Southwest Corner 2,729,730,731,732,733,0,5,5,0,0,0,0,0,0,0,0
Norton South Hallway,11,13,15,14,16,17,6,6,0,0,0,0,0,0,0,0
Norton East Hallway,03,04,05,07,0,0,4,4,0,0,0,0,0,0,0,0
Norton Second Floor,27,28,29,30,0,0,4,4,0,0,0,0,0,0,0,0
Clark III Suite 100,100,101,102,0,0,0,4,2,1,0,0,0,0,1,1,0
Clark III Suite 104,104,105,106,107,0,0,4,4,0,0,0,0,0,1,1,0
Clark III Suite 113,113,114,115,116,0,0,5,3,1,0,0,0,0,2,1,0
Clark III Suite 121,121,122,123,0,0,0,4,2,1,0,0,0,0,1,1,0
Clark III Suite 204,204,205,206,207,208,0,5,5,0,0,0,0,0,1,1,0
Clark III 6th Street Facing West,221,222,223,224,0,0,5,3,1,0,0,0,0,1,1,0
Clark III 6th Street Facing East,213,214,215,216,0,0,4,4,0,0,0,0,0,1,1,0
Clark III South South,217,218,219,220,0,0,5,3,1,0,0,0,0,1,1,0
Clark III Hallway 200,200,201,202,203,0,0,4,4,0,0,0,0,0,0,0,0
Clark III 3rd Floor Hallway 1,300,301,302,304,306,0,5,5,0,0,0,0,0,0,0
Clark III 3rd Floor Hallway 2,303,305,307,308,0,0,4,4,0,0,0,0,0,0,0
Pomona Suite 110,111,112,113,116,0,0,4,4,0,0,0,0,1,2,1,0
Pomona Suite 120,121,122,123,124,0,0,4,4,0,0,0,0,1,2,1,0
Pomona Suite 200,201,202,203,204,0,0,4,4,0,0,0,0,1,2,1,0
Pomona Suite 220,221,222,223,224,0,0,4,4,0,0,0,0,1,2,1,0
Pomona Suite 230,231,232,233,234,0,0,4,4,0,0,0,0,1,2,1,0
Pomona Suite 240,241,242,243,244,0,0,4,4,0,0,0,0,1,2,1,0
Pomona Suite 250,251,252,253,254,255,256,6,6,0,0,0,0,1,2,1,0
Pomona Suite 260,261,262,263,264,0,0,4,4,0,0,0,0,1,2,1,0
Pomona Suite 270,271,272,273,274,0,0,4,4,0,0,0,0,1,2,1,0
Pomona Suite 280,281,282,283,284,285,286,6,6,0,0,0,0,1,2,1,0
Pomona Suite 310,311,312,313,316,0,0,4,4,0,0,0,0,1,2,1,0
Pomona Suite 320,321,322,323,324,0,0,4,4,0,0,0,0,1,2,1,0
Pomona Suite 330,331,332,333,334,0,0,4,4,0,0,0,0,1,2,1,0
Pomona Suite 340,341,342,343,344,0,0,4,4,0,0,0,0,1,2,1,0
Pomona Suite 350,351,352,353,354,355,356,6,6,0,0,0,0,1,2,1,0
Sontag Suite 110,111,112,113,114,0,0,4,4,0,0,0,0,1,2,1,0
Sontag Suite 120,121,122,123,124,0,0,4,4,0,0,0,0,1,2,1,0
Sontag Suite 130,131,132,133,134,135,136,6,6,0,0,0,0,1,2,1,0
Sontag Suite 140,141,142,143,144,0,0,4,4,0,0,0,0,1,2,1,0
Sontag Suite 150,151,152,153,154,0,0,4,4,0,0,0,0,1,2,1,0
Sontag Suite 160,161,162,163,164,165,166,6,6,0,0,0,0,1,2,1,0
Sontag Suite 200,201,202,203,204,0,0,4,4,0,0,0,0,1,2,1,0
Sontag Suite 210,211,212,213,214,0,0,4,4,0,0,0,0,1,2,1,0
Sontag Suite 220,221,222,223,224,0,0,4,4,0,0,0,0,1,2,1,0
Sontag Suite 230,231,232,233,234,235,236,6,6,0,0,0,0,1,2,1,0
Sontag Suite 240,241,242,243,244,0,0,4,4,0,0,0,0,1,2,1,0
Sontag Suite 250,251,252,253,254,0,0,4,4,0,0,0,0,1,2,1,0
Sontag Suite 260,261,262,263,264,265,266,6,6,0,0,0,0,1,2,1,0
Sontag Suite 310,311,312,313,314,0,0,4,4,0,0,0,0,1,2,1,0
Sontag Suite 320,321,322,323,324,0,0,4,4,0,0,0,0,1,2,1,0
Sontag Suite 330,331,332,333,334,335,336,6,6,0,0,0,0,1,2,1,0











